=== View Transform ===
0.0 0.0 0.0 0.0
0.0 0.0 0.0 0.0
0.0 0.0 0.0 0.0
0.0 0.0 0.0 0.0
=== Projection Transform ===
0.0 0.0 0.0 0.0
0.0 0.0 0.0 0.0
0.0 0.0 0.0 0.0
0.0 0.0 0.0 0.0
=== Intrinsic ===
707.768214 0.000000 312.085080
0.000000 709.042628 214.873237
0.000000 0.000000 1.000000
=== Distortion ===
0.138769 -0.120765 -0.015356 -0.005695 
=== Position ===
0.0 0.0 0.0
=== Extrinsic ===
0.998698  -0.035724  0.036413  45.919142
0.050390  0.579813  -0.813190  293.862094
0.007938  0.813966  0.580858  -212.625663
0.000000  0.000000  0.000000  1.000000
